     1.000&     0.007&     0.784&     0.420&     0.329&     0.345&     0.808&     0.924
     0.007&     1.000&    -0.599&     0.819&    -0.932&    -0.934&    -0.064&     0.051
     0.784&    -0.599&     1.000&    -0.108&     0.804&     0.828&     0.593&     0.751
     0.420&     0.819&    -0.108&     1.000&    -0.678&    -0.644&     0.050&     0.576
     0.329&    -0.932&     0.804&    -0.678&     1.000&     0.997&     0.409&     0.211
     0.345&    -0.934&     0.828&    -0.644&     0.997&     1.000&     0.381&     0.253
     0.808&    -0.064&     0.593&     0.050&     0.409&     0.381&     1.000&     0.521
     0.924&     0.051&     0.751&     0.576&     0.211&     0.253&     0.521&     1.000
