     1.000&    -0.018&     0.778&     0.503&     0.284&     0.369&     0.198&     0.741
    -0.018&     1.000&    -0.540&     0.312&    -0.853&    -0.911&     0.174&    -0.135
     0.778&    -0.540&     1.000&     0.499&     0.512&     0.688&    -0.271&     0.868
     0.503&     0.312&     0.499&     1.000&    -0.489&    -0.278&    -0.616&     0.863
     0.284&    -0.853&     0.512&    -0.489&     1.000&     0.968&     0.337&     0.018
     0.369&    -0.911&     0.688&    -0.278&     0.968&     1.000&     0.120&     0.241
     0.198&     0.174&    -0.271&    -0.616&     0.337&     0.120&     1.000&    -0.511
     0.741&    -0.135&     0.868&     0.863&     0.018&     0.241&    -0.511&     1.000
